<{128, 98, 151, 109, 110, 86, 183, 57, 26, 215}{259, 294, 10, 241, 195, 86, 159}{192, 233, 156, 118}{203, 176, 151, 280, 250, 186, 159}>
<{225, 98, 294, 71, 129, 297, 204, 162, 239, 245}{288, 97, 8, 168, 249, 252, 253}{104, 194}{274, 101, 196, 53, 143}>
<{160, 279, 251, 172, 151}{271}>
<{1, 251, 261, 137, 234, 75, 77, 67, 183, 91}{35, 100, 198, 42, 24, 183, 216}{288, 43, 195, 172, 262}{148, 19, 236}{67, 40, 110, 8, 206, 54, 217, 189}{249, 26, 213, 86}>
<{33, 34, 142}{131, 4, 5, 231, 10, 116, 220, 254, 165}{258, 55}{171, 46, 166}>
<{241, 147, 92}{241, 74}{98, 136, 252, 11, 177, 220, 95}{200, 1, 219, 148}{34, 101, 72, 233, 298, 114, 47, 18, 85, 120}{192, 185, 119}{153, 14}{289, 132, 266, 44, 20, 55, 127, 31}>
<{34, 260, 166, 114, 121, 156, 223}{251, 94}>
<{280, 73, 164, 117, 41}{168, 11, 44, 77, 143, 111}{288, 98, 36, 226, 49, 210, 118, 156}{161, 196, 103, 104, 171, 243, 282}{80, 26, 115, 20}{112, 47}{152, 124}{96, 288, 137, 236, 246, 25, 122, 95}{18, 299}>
<{31}{170, 223}{193, 163, 6, 137, 74, 11, 271, 149, 279}{216, 210, 99}{210, 94}{99, 100, 133, 38, 263, 238, 23, 228, 102}{36, 261, 201, 267, 238, 179, 228, 37, 287}{226, 215}{34, 100, 173, 237, 181, 54, 183, 127}{17, 300, 133}>
<{46}{295, 233, 10, 77, 142, 208, 18, 88, 126}{4, 205, 231}{293, 73, 18, 216, 90, 156, 190}{295, 241, 112, 17, 182, 215}{224, 129, 97, 232, 16, 276, 245, 220, 149}{193, 5, 262, 72, 141, 111, 147, 15, 94}>
<{292, 166, 295, 136, 137, 111, 209, 152, 91, 220}{129, 259, 193, 167, 44, 49, 227}{220, 167}{40, 91}{33, 31}{3, 220, 125, 278, 117}{193, 104, 173, 14, 143, 16, 147, 120, 252, 29}{56, 27, 205}{19}>
<{97, 194, 211, 29, 185}{1, 3, 37, 178, 246, 254}{64, 120, 138, 284}>
<{5, 263, 136, 41, 113, 24, 190, 95}{51, 70, 201, 107, 271, 275, 149, 86}{43, 164, 70, 105, 267, 275, 153, 124, 30}{146}>
<{248, 65, 99, 117}{169, 186, 179, 180, 229}{98, 131, 261, 72, 203, 172, 259, 156, 62}{35}{99, 108, 172, 237, 90, 156, 61}{35, 124, 147}{185, 132, 286, 135}>
<{45, 174, 207, 177, 116, 31}{224, 75, 47, 241, 180, 278}{5, 275, 172, 206, 273, 51, 276, 27, 28, 157}{123, 33, 130, 106, 261}{139, 102, 11, 205, 269, 141}{133}>
<{179, 100, 219, 227}{164, 165, 78, 212, 213, 121, 185, 156, 181}{121, 227, 108, 5, 65}{80, 178, 268, 238, 79}{280, 87}{176, 249, 234, 223, 159}{66, 138, 140, 242, 283, 126}{96, 165, 103, 139, 90, 123, 222}{68, 268, 171, 44, 115, 216, 282}{64, 258, 166, 297, 17, 157, 94}>
<{68}>
<{160, 203, 228, 71, 200, 107, 16, 279}{176, 187, 158, 126, 199}>
<{68, 133, 203, 206, 116, 278, 244, 58, 123}{201, 147, 205, 199, 223}>
<{186, 11, 276, 229, 143}{261, 299, 76, 238, 241, 275, 246, 280}{42, 135, 154, 167}>
<{32, 101, 262, 167, 136, 144, 279}{195, 133, 199, 265, 121, 94, 37}{65, 78, 239}{56, 81, 2, 11}>
<{34, 196, 201, 111, 83, 281, 250}{194, 99, 139, 108, 240, 81, 246, 251, 126}{259, 36, 8, 284, 82, 252, 93}{161, 197, 126, 145}{260, 231}{32, 98, 37, 231, 74, 146, 179, 23, 89, 26}{279}{130, 100, 141, 271, 150, 153}{132, 75, 178, 150, 92, 157}>
<{34, 37, 143, 48, 146, 59, 229}>
<{161, 197, 70, 205, 17, 90, 91, 29, 126}{290, 235, 164, 75, 271, 87, 215}{300, 182}{67, 171, 103, 11, 272, 178, 243, 249}{202}{27, 159}{261, 78, 51, 277, 54, 120, 58, 252, 222, 5}{70}>
<{193, 230, 17, 12, 206, 239, 81, 82, 117, 92}{161, 130, 115, 129, 42, 82, 269, 114, 147, 187}{172, 206, 272, 244, 46, 119, 180, 58, 60}{201, 230, 30, 255}{277, 214, 111}>
<{235, 164, 262, 291, 267, 243, 212, 278, 187, 92}{74, 127}{193, 75, 76, 118}{68, 138, 94, 279, 250, 286, 159}{299, 207, 243, 84, 88, 276, 26, 158}{258, 68, 12, 210, 21, 216}{64, 150, 75, 178, 22, 58, 59}{144, 184, 179}{37, 86}>
<{195, 103, 300, 86, 120, 285}{64, 164, 229, 38, 158, 240, 50, 181, 254}{113, 35, 188}{128, 176, 100, 37, 111, 80, 274, 115, 212}>
<{201, 77, 271, 240, 209, 94}{248, 281, 37}{55}{96, 105, 109, 17, 218, 124, 286}{137}>
<{41, 65}{155, 5, 93}{32, 266, 148, 178, 191}{110}{164, 261}{288, 34, 197, 137, 144, 49, 252}{264, 265, 15, 240, 177, 40}{57, 154, 123, 273}{16, 9, 242, 131, 81}{99, 292, 37, 72, 142, 223, 69}>
<{219, 269, 251}{80, 17, 164, 220, 255}{294, 7, 232, 76, 120, 154, 31}>
<{34, 8, 73, 299, 206, 158, 127}{193, 163, 72, 9, 118, 59, 221}{292, 133}{80, 164, 165, 108, 272, 244, 57, 94}{150}{171, 101, 102}>
<{210, 259, 109, 63}{169, 176, 49, 24, 251, 93, 126, 255}{289, 290, 3, 149, 183, 280, 249}{257, 34, 97, 72, 12, 246}{128, 162, 70, 297, 210, 254, 137, 153, 286}>
<{246, 31}{100, 77}{224, 104, 58, 10, 173}{106, 205, 186, 13}>
<{48, 7, 193, 71, 269, 112, 93, 287}{200, 79, 176, 150, 59, 93}>
<{35, 201, 42, 11, 78, 240, 56}{288, 290, 39, 10, 236, 243, 188}{98, 100, 297, 75, 153, 282, 93}{8, 233, 267, 80, 241, 186, 59}>
<{226, 132, 38, 200, 9, 12, 15}{227, 164, 168, 139, 44, 245, 118}{218, 30}>
<{258, 299, 139, 269, 5}>
<{15, 145, 57, 281, 207, 188}{289, 8, 55, 143, 80, 273, 118, 151, 247, 95}{136}{130, 99, 171, 235, 48, 83, 180, 149, 281}{258, 59, 221}{139, 293}{130, 199, 297, 11, 19, 63}{194, 229, 8, 138, 272, 168, 246, 28, 127}{4, 297, 74, 272, 277, 284, 183, 28}>
<{147, 68, 262}>
<{288, 264, 234, 277}{6, 263, 105, 202, 239, 176, 82, 30}{32, 38, 103, 233, 203, 141, 26}{128, 3, 199, 42, 175, 213, 122, 47, 157}{174, 244, 84, 218, 157, 95}{50, 238}{161, 127, 76, 147, 239}{226, 99, 101, 166, 136, 125, 84, 92, 157}>
<{130, 233, 217, 184, 25, 255}{209, 202, 94, 62, 159}>
<{296, 170, 299, 238, 148, 285}{227, 37, 203, 270, 49, 131, 181, 88}{226, 262, 105, 234, 110, 113, 73, 87, 124, 125}{192, 135, 41, 178, 19, 127}{109, 31, 12, 53, 205}{117, 14, 261}{47}{289, 263, 106, 139, 81, 146, 278, 87, 251, 31}{225, 295, 268, 16, 82, 90}>
<{163, 7, 167, 109, 175, 57}{179, 157, 231}{198, 7, 202, 43, 173, 15, 112, 24, 29}>
<{35, 179, 262, 237, 46, 207, 195}{262, 230, 296, 242, 53, 121, 190}{10}>
<{289, 226, 195, 199, 72, 73, 267, 258, 271, 17}{96, 263, 150, 249, 27, 124, 61}{39, 13, 29}{167, 124, 109, 237, 245, 92}{234, 54, 55}{195, 7, 136, 124, 269, 56, 152, 284}{96, 264, 202, 139, 173, 279, 249, 187}{104, 43, 296, 275, 84, 156}{165, 136, 240, 83, 180, 182, 186, 30}{67, 260, 199, 41, 108, 13, 116, 265, 164, 59}>
<{52, 203, 100, 142, 33}{41}{42, 171, 176, 81, 122, 61}>
<{102, 233, 138, 113, 179, 214, 122}{229, 298, 177, 55, 218, 202}{226, 86}{131, 9, 169, 218, 157, 30}{84, 273, 234, 292, 70}{234, 299, 140, 5, 211}{198, 42, 236, 215, 216, 283}{235, 260, 63, 11, 22, 280, 251, 286, 255}{41, 92, 173, 206, 221}>
<{289, 226, 45}{67, 292, 5, 207, 150, 282, 188, 221}{275, 3, 155}{96, 164, 262, 6, 167, 203}>
<{129, 3, 244, 296, 268, 276, 153}{68, 134, 232, 265, 183, 191, 87, 91, 62, 31}{115, 166, 105, 75, 241, 19, 56, 57, 27, 211}{193, 234, 139, 16, 211, 219, 125}{296, 104, 266, 92, 253}{290, 230, 38, 39, 138, 299, 270, 119}>
<{48, 259, 260, 197, 38, 289, 112, 87, 31}{257, 70, 299, 14, 21, 151}{68, 293, 170, 139, 238, 271}{68, 276, 117, 94}{199, 232, 73, 12, 46, 188, 282, 284}{23, 193, 83, 235, 239}{24, 43, 187}{51, 196, 135, 297, 239, 113, 275, 22, 215}>
<{170, 74}{110}{280, 174}{160, 129, 16, 297, 11, 268, 112, 177, 57, 121}{129, 293, 166, 170, 172, 92, 106}{159}{256, 65, 13, 269, 144, 81, 50, 88, 186}{289, 94}>
<{164, 71, 264, 9, 49, 232, 254}{35, 105, 87, 110, 131, 117, 119, 281, 169}{64, 96, 98, 300, 48, 245, 87, 60}{296, 61, 174, 150}{96, 256, 65, 210, 88, 27, 94}{96, 75, 13, 145, 120, 282, 124, 285}{265, 82, 236, 102, 79}>
<{144, 92, 124, 23}{241, 140}{57}{297, 237, 230, 247}{133, 266, 271, 275, 86, 25, 239}{97, 236, 178, 216, 190, 287}{78}{197, 104, 12, 240, 210, 244, 53, 191}>
<{33, 130, 292, 6, 40, 73, 2, 179, 285, 95}{36, 138, 75, 228, 133}{272, 266, 130, 282, 202}{291, 12, 81, 82, 20, 185, 249, 90, 252, 255}{54}{242, 60, 18, 102}>
<{99, 110}{198, 81, 40, 41, 267, 110, 241, 50, 87, 124}{256, 168, 233, 175, 80, 245, 95}{291, 204, 234, 268, 227, 246, 251, 61, 62}>
<{184, 161, 171, 236, 200}{88, 136, 210, 59, 205}{192, 130, 23, 110, 114, 213, 55, 93}{264, 227, 12, 175}{193, 65, 269, 294, 101}{131, 260, 104, 141, 47, 217, 124, 29}{268, 12, 61, 201}>
<{227, 260, 6, 264, 170, 51, 151, 189}{229, 70, 177, 277, 283, 126}{261, 135, 264, 234, 47, 91, 60, 127}{257, 230, 73, 48, 241, 280, 156, 61, 286}>
<{115, 259, 165}{65, 298, 42, 258, 14}{164}{1}{73, 251}>
<{161, 68, 5, 75, 108, 205, 144}{37, 138, 139, 14, 275, 151, 252, 189}{135, 296, 77, 79, 48, 136, 281, 123, 92}{193, 37, 264, 269, 58, 187}{257, 228, 39, 215, 47, 119, 143, 29, 127}>
<{193, 231, 73, 299, 142, 183}{25, 173, 129}{113, 234, 76, 214, 247}{76, 273, 158, 184, 155, 222}{161, 3, 68, 102, 201, 139, 111, 19, 253}>
<{291, 132, 38, 106, 113, 214, 59, 29}>
<{137, 274, 22}{100}{36}{111}{41, 268, 270, 30, 127}{49, 281, 225}>
<{192, 261, 106, 44, 49, 214, 87}{34, 38, 39, 11, 271, 147, 149, 154, 222}{256, 161, 99, 104, 235, 140, 142, 83}{136, 113, 124, 239}{32, 217, 83, 22, 159}{176, 291, 269, 80, 82, 28, 62, 95}{153}{9, 170, 101, 262}{252, 158}{88, 217, 4, 86}>
<{129, 259, 104, 44, 209, 211, 214}{64, 248, 204}{162, 131}{35, 147, 37, 239, 145, 19, 148, 249, 188}{32, 265, 93}{64, 233, 18, 150, 95}{192, 225, 163, 268, 241, 21, 120}{32, 36, 135, 74, 18, 112, 177, 242, 187, 31}>
<{65, 135, 168, 238, 82, 250, 60}{57, 255, 62, 239}>
<{152, 258, 99, 252, 251}{156}{138, 208, 83, 28, 94, 63}{34, 29, 22}{257, 227, 104, 201, 267, 268, 207, 280, 220, 190}{258, 4, 165, 292, 10, 18, 243, 121, 138, 222}>
<{130, 295, 231, 89, 157, 286}{2, 228, 209, 233, 87, 241, 22, 265, 152, 90}{134, 297, 15, 16, 53, 182, 216, 222, 63}{240, 99, 164, 262, 73, 12, 109, 142, 208, 184}{138, 180, 23, 281, 27, 29, 223}>
<{204, 220, 5, 294, 237}{257, 58, 81}{130, 287, 20, 31}{111, 263}{263, 296, 231, 173, 17, 55, 71, 187, 215}>
<{96, 33, 134, 16, 154, 285, 158}>
<{196, 9, 233, 115, 84, 247, 185, 26, 94}{196, 62, 223}{241, 290, 179, 23}{260, 200, 9, 172, 269, 174, 22, 215}>
<{34, 106, 290, 141, 175, 276, 116, 189, 30}{203, 260, 167, 235, 236, 110, 117, 216, 53}{261, 199, 11, 178, 252, 189}{27, 60}{227, 9, 140, 46, 181, 214, 91}{3, 229, 236, 208, 57, 59}{8, 185, 217, 258, 41}{39, 79, 243, 244, 87, 223}{227, 297, 87, 109, 15, 148, 23}>
<{155, 108, 172, 148, 184, 59}{224, 291, 300, 48, 114, 115, 215, 284}>
<{24}{288, 65, 51}{279}{33, 72, 204, 109, 174, 93, 50, 221, 94, 287}>
<{271, 54, 7}{118}{296, 283, 44, 245}{24, 217}{231, 201, 206, 243, 149, 158}{251}{260, 135, 45, 186, 59, 63}{229, 230}{25, 10, 139, 199, 55}{118}>
<{75, 5, 73, 299, 88, 251, 222}{8, 26, 35, 212}{48, 130, 274}{69, 294, 171, 237, 49, 210, 51, 24, 57, 155}{184, 73, 116, 53, 157}{224, 43, 77, 270, 207, 49, 210, 119}{256, 257, 18, 156, 278}{40, 240, 136, 109, 61}>
<{195, 139, 144, 244, 278, 222}{227, 37, 107, 238, 49, 89, 133}{1, 269, 48, 17, 53, 189}{169}{64, 97, 200, 137, 298, 54}{64, 192, 27, 293}{279, 291, 167}{180, 157, 118}{281, 127, 117, 93, 247}{202, 20}>
<{299, 292, 7, 75, 14, 103, 167}{287}{258, 260, 135, 72, 174, 113, 150, 124}{250, 195, 140}{97, 212}{288, 218, 247, 207}>
<{35, 6, 14, 112, 238, 120, 190}{144, 125}{291, 36}{124}{238, 266, 46, 110, 287}{239, 55}{72, 84, 126, 158, 277}{80, 225, 131, 118, 175}>
<{42, 261}{106, 48, 21, 150, 282, 159}{168, 175}>
<{108, 181}{162, 133, 199, 201, 267, 142, 86, 279, 217, 197}{128, 280, 227, 228, 255}{176, 43, 83, 123, 288}>
<{164, 37, 168, 202, 237, 46, 143, 40, 214, 136}{89}{1, 34, 7, 170, 159, 206, 118, 215, 155, 63}{161, 99, 228, 171, 14, 144, 24, 186, 123, 63}>
<{133}{169, 275, 245, 94}{98, 259, 174, 244, 218, 91, 189, 127}{168, 73, 250, 269, 157}{104, 12}{34, 196, 231, 12, 66, 109, 285, 286}{272, 161, 235, 269}>
<{99, 147, 182}{16, 208}{291, 106, 142, 80, 242, 150, 151, 121, 58}{97, 164, 137, 77, 15, 147, 56, 132}{65, 166, 230, 29, 208, 212, 253}{165, 29}{165, 115, 116, 213, 293, 21}>
<{145, 289, 143}>
<{163, 6, 300, 173, 82, 279, 152, 190}{145, 180, 166}{249, 237, 294}{288, 264, 111, 242, 205, 50, 212, 57, 187, 157}{3, 69, 159}{1, 291, 70, 257, 104, 73, 51, 277}{96, 4, 134, 109, 77, 241, 279, 25}>
<{192, 98, 167, 264, 300, 298, 76, 236, 233, 156}{64, 221, 150, 215}{147, 74, 45, 29, 83, 186, 157}{106, 21}{63, 78, 174, 191}>
<{199, 108, 274, 217, 29, 62}{4, 165, 263, 297, 125, 175, 51, 87, 285}>
<{12, 133, 102, 159}{225, 235, 255, 149, 111, 58, 219, 63}{11, 221, 223, 159}{264, 52}>
<{224, 67, 271}{121, 255, 205, 175}{65, 258, 37, 109, 83, 90, 187}{216, 66, 93, 23}{104, 122}{137, 202, 84, 46}{56, 138, 282, 46}{200, 57, 180, 263}{121, 37, 111, 117, 287}{260}>
<{16, 137, 170, 158}{131, 246, 166, 76, 177, 211, 182, 188, 286}{67}{224}>
<{122, 140, 261, 95}{188, 6, 254}{225, 134, 264, 137, 20, 55, 52, 249, 124}{32, 169, 234, 203, 29, 240, 147, 152, 253, 94}{11}{101, 23}{148}{80, 249}{72, 265, 194, 233}{176, 256, 202, 228, 191}>
<{100, 165, 138, 11, 13, 143, 141, 209, 60, 293}{298, 58, 189, 254, 130}>
<{3, 231, 42, 112, 227, 85, 29}{3, 47, 85, 278, 157, 190, 223}{196, 101, 17, 279, 184, 164, 219}>
<{34, 70, 12, 236, 208, 241, 118, 27, 62}{96, 201, 42, 106, 55, 187, 10}{72, 44, 46, 247}{32, 249, 75}{162, 61, 119}{198}{56, 24, 251, 55}>
<{8, 97, 66, 224, 62}{128, 260, 261, 142, 115, 150, 27}{168, 220, 172, 97, 121}{260, 220, 202, 176, 184, 276, 152, 188}{169, 60, 225}{291, 229, 136, 3, 214, 155, 284, 222, 261}{229}{121, 50, 227, 134, 111}{64, 65, 44, 108, 237, 184, 121, 284}{161, 164, 296, 74, 208, 241, 104, 90}>
<{216}{103}{121}{8, 235, 149, 279, 120, 190}>
<{296, 148}{224, 229, 139, 172, 110, 209, 210, 182, 125}{184}{63, 203, 101, 295}>
<{145, 124, 222, 257}{242}{19, 180, 173, 126}{137, 251, 156, 253}{1, 67, 132, 46, 178, 110, 54, 183, 61}{104, 236, 210, 92, 197}{260}{258, 233, 94, 110, 112, 277, 217, 218, 62, 21}>
<{128, 290, 50, 21, 26, 93, 31}>
<{258, 196, 265, 266, 87, 121, 94}{67, 273, 264, 169, 207, 200, 181, 183}{243, 236, 37, 195, 239}{96, 82, 299, 243, 31}{300, 291, 20, 101, 33}{225, 79}{63}{120}>
<{2, 106, 141, 20, 85, 61}{160, 136, 151, 47, 82, 180, 119, 56}{238}{40, 250, 115, 293}{16, 298, 299, 139}{185, 258, 147, 156}{132, 8, 106, 141, 110, 111, 50, 246, 186}{176, 202, 171, 61}>
<{294, 38, 201, 50, 274, 255}{33, 230, 40, 265, 139, 206, 16, 22, 122, 59}{251, 86, 126}>
<{257, 135, 45, 178, 55, 219, 60}>
<{29}{267, 212}{97, 231, 106, 77, 174, 175, 147, 277, 118, 286}{273, 99}{195, 6, 70, 173, 269, 48, 244, 214, 185, 134}{34, 290, 66, 93, 115, 247, 285}{241, 171, 124, 151}{175, 191}{258, 80, 180, 152, 121, 58, 250}>
<{251, 177, 109, 173, 17, 283}{124, 284, 133}>
<{272, 58, 164, 5, 53}{162, 105, 74, 221, 215, 121, 218, 189, 126}{34, 101, 194, 81, 244, 180, 61}{132, 134, 299, 204, 158, 275, 213, 57, 94}{77, 113, 52, 190, 151, 121, 222}>
<{132, 230, 170, 112, 55, 57, 219, 252}>
<{186, 51, 270, 151}{293, 233, 114, 147, 247, 60, 221, 159}{255}{130, 3, 228, 41, 179, 131, 55, 186}{160, 19, 165, 198, 201, 179}{195, 166, 200, 12, 142, 179, 185, 156, 159}{64, 194, 277, 171, 210, 21, 22, 28, 95}{128, 65, 66, 194, 16, 177, 276, 57, 154}{208, 115, 198}{72, 58}>
<{226, 4, 198, 172, 66, 205, 20, 124}{64, 14, 210, 51, 28, 94, 31}{98, 196, 165, 298, 49, 18, 248, 26}{288, 129, 35, 5, 7, 179, 152, 122, 250}{160, 124, 274, 100, 229}{227, 270, 113, 274, 142, 119}{164, 204, 33, 63}{40, 298, 276, 238}{113}>
<{131, 293, 6, 76, 271, 62}{98, 166, 201, 138, 85, 57, 125, 158}{99, 228, 71, 73, 231, 213, 280}{58, 299}{34, 228, 168, 132, 108, 109, 144, 246, 185, 250}{96, 209, 273, 106, 135, 289, 17, 147, 119, 266}{1, 166, 50, 180, 53, 215, 91, 254}{34, 102, 230, 45, 50, 278, 216, 122, 187}>
<{79}{176, 234, 279}{64, 162, 199, 295, 54, 57, 184, 281, 157}{208, 261, 75, 76, 47, 176, 31}{257, 98, 99, 104, 269, 113}>
<{56}{160, 67, 296, 50, 99, 276, 117, 248, 121}{128, 64}{224, 40, 298, 18, 213, 282, 74}{294, 269, 78, 52, 57, 251}{129, 107, 109, 278, 231}{161, 292, 101, 299, 108, 141, 239, 147, 5, 95}{152, 45, 230, 183}{112, 67, 71, 41, 240, 179, 56, 63}{193, 133, 70, 170, 75, 152, 155, 28, 74}>
<{272}>
<{239}>
<{4, 233, 107, 236, 116, 52, 123}{64, 274, 131}>
<{134, 7, 236, 199, 76, 208, 209, 242, 51, 185}{80, 206, 16, 241, 78, 23, 252}{200, 12, 237, 178, 186, 60, 63}{16, 258, 39, 8, 194, 237, 240, 181, 282, 79}{230, 169, 138, 15, 80, 273, 281, 28}{80, 81, 283}{71, 100, 135, 203, 83, 58, 90}{3, 295, 268, 205, 47, 99, 50, 179, 57}>
<{281, 211, 182, 294}{9, 283, 61, 262, 41}{72, 209}{171, 106, 139, 147, 25, 122}{97, 264, 171, 178, 147, 278}{163, 228, 170, 108, 112, 246}{33, 290, 262, 84, 148, 91}>
<{160, 1, 162, 262, 234, 273, 244, 148, 28, 287}{98, 171, 9, 11, 142, 276, 284}{226, 69, 200, 203, 46, 212, 214, 155, 125, 229}{160, 129, 34, 8, 106, 111, 113, 285, 94}{57, 28}{155, 100}>
<{32, 298, 238, 245, 216, 219}{257, 172, 42, 267, 236, 208, 275, 218, 158}{104, 137, 229, 249}{65, 293, 199, 170, 235, 300}{240, 116, 175, 156, 295}{170, 77, 78, 125, 54, 154, 189}{257, 69, 8, 9, 11, 270, 50, 250, 251}{97, 131, 229, 243, 291, 216, 255}{27, 267}>
<{95}>
<{33, 7, 137, 267, 268, 239, 9, 297, 158}{160, 96, 294, 263, 169, 298, 145, 149, 55}{170, 207, 111, 182, 271, 221}{209, 237, 133, 22, 295}{281, 220}{209, 234, 43}{32, 229, 264, 20, 154, 190, 133}{164, 300, 271, 117, 88, 31}{232, 265, 210, 219, 154}{226, 36}>
<{286, 87}{257, 170, 205, 110, 212, 181, 26, 94}{171, 31}{235, 175, 52, 151, 180, 28}{1, 290, 297, 204, 98, 207, 89, 124, 223}>
<{5, 202, 75, 213, 118, 23, 153, 119, 286, 37}{156, 295}{203, 220}{170, 295}{100, 263, 11, 206, 142, 118, 183, 184, 156, 222}{192}{72}{137, 75}{32, 200, 112, 277, 151, 58, 252, 255}>
<{104, 42, 203, 109, 209, 147, 279, 152, 124, 191}{192, 163, 232, 266, 176, 49, 215}{25, 102, 111}{164}{32, 258, 283, 244, 24, 27, 252, 190}{240, 62}{18, 161, 130, 195, 218}{204, 229}{130, 291, 164, 133, 60, 170, 235, 207, 156}{200, 1}>
<{87}{202}{162, 261, 103, 200, 176, 241, 114, 51, 27}{228, 103, 43, 245, 22, 152, 221, 286, 117}>
<{99, 73, 44, 173, 15, 272, 58, 253}{257, 130, 195, 36, 135, 22}{134, 168, 150, 23, 248, 281, 191}{250, 4, 5}{258, 36, 28, 46, 60, 81, 201, 26, 155, 92}{50, 196, 133, 149}>
<{1, 172, 207, 143, 272, 273, 146, 46, 251, 124}{42, 135, 196, 58, 127}{200, 201, 228, 198}{232, 115, 259, 110, 30}{1, 196, 235, 236, 82, 51, 54, 31, 159}{56, 8, 164, 69}>
<{288, 293, 39, 183, 112, 25, 279, 281, 154, 95}>
<{41, 27, 148, 281}{202}>
<{32, 294, 295, 270, 47, 212, 185, 222}{256, 264, 267, 120, 23, 216, 88}{37, 14}{267, 105, 11, 50, 89, 299}{208, 10}{120, 179, 92, 77, 277}{21}>
<{201, 203, 174, 271, 241, 82, 21, 86, 57, 63}{106}{283, 12}>
<{226, 100, 78, 127}{133, 262, 231, 139, 239, 81, 199}{138, 124, 254}{230, 147, 36, 174, 118}{224, 296}>
<{192, 97, 258, 101, 225, 170, 207, 122, 143, 30}{224, 136, 112, 216, 86, 280, 200}{98, 291, 135, 72, 130, 79, 121, 283}{73, 193, 233}{81, 233, 121}{228, 165, 232, 270, 180, 149, 215, 280, 92, 53}{272, 83, 261, 149, 207}{83, 260, 221, 6, 199}{165, 178, 253, 270, 151}>
<{96, 7, 232, 238, 15, 241, 89, 221}{129, 19, 125}{95, 147, 131, 295}{268, 178, 208, 82, 278, 223}{64, 129, 10, 272, 175, 208, 147, 88, 143, 221}{258, 99, 180, 175}{8, 72, 99, 181, 255}{25, 236, 237, 30}{161, 3, 132, 8, 266, 173, 175, 21, 217}{202, 251, 124}>
<{184, 145, 171, 94, 235}{160, 6, 206}>
<{10, 149}{298, 221}{1, 162, 100, 8, 141, 270, 118, 187, 28}{16, 187, 134}{168, 92, 139, 50, 211, 148, 297, 91, 252, 286}>
<{98, 68, 188, 108, 48, 185, 124, 94}{138, 299, 274, 16, 210, 156, 125, 126}{106, 204, 293, 119}{71, 8, 263, 143, 274, 21, 186, 221}{201, 19}{194, 197, 286, 77}{226, 198, 266, 236, 290, 180}{20, 109, 86}{97, 266, 236, 109, 206, 273, 218, 155}{5, 55}>
<{3, 287, 179, 243}{35, 105, 80, 115, 148, 41}{128, 193, 36, 103, 202, 44, 113, 211, 245, 93}{67, 233, 85, 183, 250, 21, 95}{69, 70, 169, 272, 49, 210, 56, 28}>
<{63}{164, 47, 24, 184, 4, 252}{269}{237}>
<{199, 10, 108, 49, 178, 285}{66, 106, 204, 47, 186, 284}{227, 197, 231, 232, 41, 204, 46, 90, 154, 126}{292, 165, 296, 266, 11, 239, 146, 149, 278, 154}{208, 49, 284, 254}>
<{267, 158}{212}{124}{165, 86}{97, 164, 293, 9, 240, 150, 196, 187, 220, 93}{209, 62}{132, 228}>
<{113, 72, 235, 268, 145, 277, 182, 88, 89, 219}{71, 244, 222, 271}{280, 132, 184, 196, 161}{120, 65}{273, 170, 101, 86, 9}{34, 75, 168, 139, 172, 173, 25, 93}{97, 178, 203, 161, 287}{96, 248, 211, 163, 31}>
<{160, 128, 98, 174, 279, 285}{145, 188, 121, 225}{8, 121, 134, 174, 111}{104}{257, 102, 39, 263, 12, 78, 271, 248, 250, 284}{287}{224, 73, 62}>
<{98, 163, 53}{33, 260, 133, 232, 201, 265}{67}{290, 38, 135, 41, 268, 242}{149, 229}{98, 68, 168, 106, 12, 13, 210, 117, 182, 184}{16, 194, 95}{32, 192, 13, 79, 176, 17, 279, 239}{202}{67, 107, 176, 99, 52, 21, 92}>
<{161, 26, 199}{69, 134, 266, 12, 145, 275, 116, 59}{187, 28, 238, 39}{153, 130, 92, 269, 287}{194, 186, 115, 196, 237}{32, 175, 198, 247}{187, 70, 266, 43, 55, 59}>
<{291, 295, 200, 48, 72, 287}{152, 9, 199, 68, 113}{11}{102, 71, 201, 234, 51, 57, 121, 91, 158, 191}>
<{133, 86, 207}{226, 264, 130, 209, 19, 52, 168}{8, 139, 78, 142, 277, 125}{131, 166, 108, 299, 76, 46, 177, 115, 86, 92}{103, 297, 240, 178, 188, 117, 91, 284}{256, 299, 101, 94}{165, 34, 122, 246, 223}{32, 162, 199, 173, 175, 273, 122, 219, 250, 190}>
<{291, 36, 38, 231, 297, 159}>
<{233, 274, 228, 287}{132, 37, 16, 243, 149, 22, 189, 158}{97, 196, 293, 103, 169, 148, 280, 124, 229}{290, 164, 13, 46, 260, 30}{8, 257, 20, 76, 183}{233, 79, 164, 111}{256, 7, 71, 155, 125, 287}>
<{197, 9, 142, 112, 241, 185, 220, 94}{236}{42, 158, 247}{200, 188, 286, 199}{217, 164, 101, 36}>
<{56, 243, 174}{51, 150, 204, 113, 275, 182, 124, 29, 222}{103}{130, 99}>
<{160, 236, 76, 94, 7}>
<{182, 9, 12, 45, 272, 52, 86, 56, 250}{34, 251, 229}{160, 163, 196, 165, 47, 55, 36, 58, 158}{41}{74, 87}>
<{194, 90, 58, 178}{73, 172, 62, 23}{195, 177, 266, 109, 78, 209, 152, 122, 95}{289, 291, 230, 269, 274, 246, 23, 185, 124, 158}>
<{12, 293, 150, 215}>
<{35, 294}>
<{57, 123, 85}{177, 274, 35, 234, 53}{65, 36, 133, 200, 238, 175, 80, 275}{99, 135, 237, 47, 275, 84}{34, 259, 46, 47, 180, 245}{131, 199, 174, 208, 209, 52, 238, 153, 90, 221}{81, 98, 170, 103}>
<{298, 139, 236, 145, 274, 152, 89, 184, 189}{112, 249, 144, 131, 29}>
<{75, 123, 238, 206}{32, 59, 117, 238, 269}{66, 138, 76, 45, 48, 253}>
<{133, 6, 263}{8, 120, 58, 275, 29}{163, 175, 49, 114, 211, 56, 122, 222}{161, 291, 228, 7, 300, 243, 24, 68}{16, 209, 241, 31}{35, 251, 228}{132, 133, 79, 80, 274, 180, 150, 55, 185, 218}>
<{193, 186, 274, 118}{256, 224, 226, 155, 47}{222}{7, 174, 223, 23}{225, 293, 198, 11, 268, 45}{112, 89, 116}{59, 179}{112, 249, 219, 20, 145}>
<{192, 34, 197, 204, 111, 243, 54, 26, 63}{99, 132, 70, 241, 247, 188}{216, 242, 91, 165}{263, 237, 174, 209, 50, 60}{22, 42, 203, 141, 142, 150, 87, 88, 95}>
<{192, 290, 197, 146, 216, 92, 125}{100, 197, 73, 77, 110, 273, 243, 276, 116, 285}{108}{128, 291, 142, 143, 182, 249}{74, 163, 300}>
<{257, 65, 55}{3}{84}{22, 222}>
<{232, 15}{129, 19, 52, 47}{226, 199, 138, 299, 175, 181, 184, 122, 47, 202}{129, 196, 172, 15, 150, 125}{27, 93, 119}{289, 277, 246}>
<{132, 103, 205, 152, 246, 88, 284}>
<{132, 164, 39, 140, 81, 196, 248, 153, 287, 255}{279, 289, 230, 294, 75, 80, 119, 251, 287}{290}{100, 69, 168, 46, 150, 121, 229}{66, 164, 69, 178, 274, 213, 184, 228, 250, 229}{262, 40, 248, 243, 56, 126}{291, 79, 49, 51, 276, 216, 286}{240, 87}{295, 236, 45, 253, 81, 122, 58}{97, 291, 263, 41, 71, 147, 84, 118, 121, 155}>
<{256, 8, 274, 99, 130}{195, 102, 135, 137, 138, 299, 142, 115, 282, 250}{113, 215}{290, 134, 201, 114, 147, 54, 92}{120, 65, 157, 93, 207}{227, 4, 37, 46, 48, 275, 55, 217, 218}{75, 37, 166, 9, 171, 246, 184}{232, 106, 109, 211, 85, 151, 26}{192, 131, 196, 163, 262, 39, 297, 35, 4, 254}>
<{198, 201, 235, 140, 85, 297, 249}{70, 7, 9, 79, 144, 239}>
<{209, 2, 117}{292, 277}{166, 102, 298, 267, 175, 208, 247, 27}{84}{39, 75, 45, 206, 207, 276, 22, 123, 285, 126}{123}{260, 116, 278, 270, 159}{145, 232, 138, 269, 136, 180, 182, 284, 42}{144, 212, 245, 119}>
<{283}>
<{232, 56, 164, 70, 129}{291, 105, 235, 209, 50, 117, 155, 127}{173}{275, 6, 22}{97, 226, 228, 265, 2, 34, 126}{300, 26, 84}>
<{142, 70}{215, 36, 179, 102, 143}{123, 167}{198, 87, 118, 183, 154, 187, 62}>
<{99, 141, 115, 131, 119, 216, 249, 123}{50, 44, 101, 87}{281, 126}{249, 212, 61, 246, 47}{193, 258, 164, 229, 200, 41, 76, 147, 244, 127}{224, 192, 259, 4, 169, 139, 188, 285, 126}>
<{119}{96, 193, 98, 71, 112, 50, 85, 246, 248, 123}>
<{224, 65, 67, 104, 275, 86, 56}{155}{171, 102, 264, 11, 110, 15, 219, 94, 223}{194, 163, 100, 178, 148, 157}{226, 196, 199, 136, 107, 237, 239, 86, 30}{299, 219}{152, 174, 87}{36, 262, 263, 73, 172, 109, 145, 147, 93}{101, 73, 140, 209, 53, 55, 187, 188}>
<{276}{97, 291, 207, 145, 274, 54, 25, 61}{135, 10, 205, 50, 117, 278, 188}{31, 241, 243, 86, 39}{248, 256, 61, 22}{129, 209, 137, 108, 239, 48, 273, 76, 284}{84, 130, 274, 276, 277, 57, 281, 123}{72, 260}>
<{229, 102, 39, 236, 46, 17, 281}{81, 218, 227, 23}{24, 41, 42, 178, 22}{97, 132, 166, 173, 56, 252}{36, 38, 263, 46, 53, 150, 286}{202, 123, 180, 62, 247}{65, 34, 259, 7, 140, 62, 191}{32, 122, 116}>
<{256, 129, 132, 111, 50, 25, 254}{10, 220, 53, 135}{40}>
<{259, 133, 263, 137, 138, 80, 242, 61}{235, 167, 42, 299, 300, 22}{209, 188, 63}{226, 227, 204, 290, 15, 17, 195, 87, 158}{181, 214}{32, 257, 66, 35, 233, 265}{145, 194, 181, 207}{16, 284, 244}{290, 107, 130, 80, 209, 243, 20, 214, 125, 127}>
<{2, 44, 254, 255}{116, 43, 260, 261}{265, 220, 198, 22}{56, 22}{121, 250, 228, 162, 71}>
<{46}{259, 273, 47, 177, 51, 251}{22, 40, 241, 118, 60, 286}{176, 47}{75, 21}{129, 99, 293, 269, 20, 88, 287}>
<{224, 146, 239, 23}{67, 137, 23, 172, 16, 75, 73, 122}{224, 37, 183, 285, 13}{265}{288, 8, 10, 172, 51, 266, 191}{9}{225, 33, 200, 110, 144, 121, 287}{224, 225, 132, 65, 202, 272, 115, 120, 155}{208, 277, 14}>
<{225, 34, 3, 41, 275, 84, 116}{66, 231, 137, 143, 217, 155}{237, 111, 19, 190, 153, 27, 222}{40, 201, 131, 30, 167}{193, 226, 68, 80, 85, 62}{106, 63, 34, 158, 23}{75, 68, 43, 205, 53, 122}{258, 228, 70, 137, 81, 124}{293}{256, 51, 261, 38, 273, 88, 115, 56, 124}>
<{169, 14, 213, 183, 249, 250, 156, 287}{137, 18, 260, 31}>
<{98, 182}{192, 98, 295, 34, 15, 114, 216, 282, 191}{91, 213}{260, 173, 14, 239, 113, 116, 21, 93}{75, 203, 174, 189, 84, 46, 183, 89, 60, 29}{226, 165, 294, 168, 19, 123, 285}{193, 135, 47, 122, 119, 218, 188, 93}{162, 11, 51, 116, 85, 252, 213}{225, 132, 133, 17, 278, 248, 284}>
<{198, 102, 103, 16, 211, 181, 86, 179}{229, 296, 233, 238, 240, 242, 222, 184, 254, 287}{196, 134, 145, 89, 189, 286}{300, 13, 158}{288, 257, 131, 155, 22}{265, 227, 292, 77, 37}{235, 44}>
<{280, 190}>
<{165, 264, 142, 190, 189, 222}{194, 171, 138}{193, 36, 6, 294, 105, 107, 141, 15, 53, 283}>
<{289, 202, 90, 53, 158}{274, 293, 222}{32, 65, 123, 293, 210, 51, 159, 286, 191}{289, 196, 37, 72, 171, 183, 250, 191, 125, 101}{289, 171, 11, 78, 275, 255}{112}>
<{164, 182, 246}{98, 134, 102, 266, 114, 54, 119, 153, 223}>
<{265, 1}{42, 290}{2, 100, 5, 38, 199, 204, 111, 159}{145}{217}{264, 61, 144, 55, 120, 89, 255, 252, 221, 287}{58, 130, 94, 263}{257, 262, 139, 13, 80, 273, 249}{288, 130, 241, 273, 178, 187}>
<{197, 70, 266, 267, 140, 207, 17, 84, 175}{224, 288, 66, 37, 129, 298, 53, 86, 31}{65, 154}{165, 166, 297, 140, 79, 229}{162, 300, 98, 47, 80, 17, 245, 184, 277}{38, 272, 248, 82, 20, 216, 122, 26}{290, 9, 21, 248, 29, 94}{229, 136, 176, 81, 178, 181, 280}{299, 172, 13, 270, 51, 185}>
<{32, 164, 229, 218, 251, 190, 165}{34, 260, 74, 11, 238, 245, 218}{32, 76, 208, 49, 178, 62}{235, 213, 183}{128, 225, 162, 129, 267, 174, 61, 24, 59, 29}{72, 215}{142}{161, 198, 135, 8, 77, 86, 219, 29, 286}{69, 262, 119, 46, 211, 245, 87, 127, 117}>
<{144, 35, 228}{210}{66, 198, 263, 233, 290, 82, 180, 118, 137, 188}{58, 234, 171, 77}{272, 28, 29, 247}{27, 238}>
<{115, 147}{222}{107, 297, 135, 217}{269, 78, 82, 254, 121, 190}{257, 98, 261, 40, 143, 148, 117, 191}>
<{264, 14, 271, 241, 248, 57}{103}{160, 258, 232, 156, 248, 83, 216, 250, 60}{275, 163, 174}{34, 20}{187, 297, 300, 24, 214, 152, 90, 27, 186, 222}{37, 230, 298, 13, 47, 16, 152, 121, 207}{53}{195, 100, 166, 107, 275, 119}>
<{102, 38, 135, 72, 74, 300, 178, 244}{96, 145, 82, 187, 118}{35, 39, 202, 116, 152, 89, 31}>
<{112, 81, 85, 24}{10, 67, 202, 158}{40, 136, 162, 215}{160, 132, 136, 233, 268, 253, 50, 154, 285}>
<{39, 209, 146, 86, 250, 61, 126, 287}{229, 263, 74, 45, 78, 209, 146, 148, 118, 158}{281, 169, 127}{17}>
